M04724:234:000000000-CBVLB:1:1101:13196:1000/b1:GAGTGCT/r1:NAGTGCT/b2:GAGTGCT/r2:GAGTGCT/1	40A_40B	100.000	65	0	0	1	65	1	65	4.63e-28	118
M04724:234:000000000-CBVLB:1:1101:21315:1000/b1:GAGTGCT/r1:NAGTGCT/b2:GAGTGCT/r2:GAGTGCT/1	132A_132B	100.000	65	0	0	1	65	1	65	4.63e-28	118
M04724:234:000000000-CBVLB:1:1101:15529:1001/b1:GAGTGCT/r1:NAGTGCT/b2:GAGTGCT/r2:GAGTGCT/1	135A_135B	100.000	65	0	0	1	65	1	65	4.63e-28	118
M04724:234:000000000-CBVLB:1:1101:18251:1001/b1:GAGTGCT/r1:NAGTGCT/b2:GAGTGCT/r2:GAGTGCT/1	108A_108B	100.000	65	0	0	1	65	1	65	4.63e-28	118
M04724:234:000000000-CBVLB:1:1101:13053:1001/b1:GAGTGCT/r1:NAGTGCT/b2:GAGTGCT/r2:GAGTGCT/1	84A_84B	100.000	65	0	0	1	65	1	65	4.63e-28	118
M04724:234:000000000-CBVLB:1:1101:17817:1001/b1:GAGTGCT/r1:NAGTGCT/b2:GAGTGCT/r2:GAGTGCT/1	84A_84B	98.462	65	1	0	1	65	1	65	1.97e-26	113
M04724:234:000000000-CBVLB:1:1101:9667:1001/b1:GAGTGCT/r1:NAGTGCT/b2:GAGTGCT/r2:GAGTGCT/1	135A_135B	100.000	65	0	0	1	65	1	65	4.63e-28	118
M04724:234:000000000-CBVLB:1:1101:11988:1001/b1:GAGTGCT/r1:NAGTGCT/b2:GAGTGCT/r2:GAGTGCT/1	84A_84B	100.000	65	0	0	1	65	1	65	4.63e-28	118
M04724:234:000000000-CBVLB:1:1101:10962:1001/b1:GAGTGCT/r1:NAGTGCT/b2:GAGTGCT/r2:GAGTGCT/1	21A_21B	100.000	65	0	0	1	65	1	65	4.63e-28	118
M04724:234:000000000-CBVLB:1:1101:20999:1001/b1:GAGTGCT/r1:NAGTGCT/b2:GAGTGCT/r2:GAGTGCT/1	145A_145B	100.000	65	0	0	1	65	1	65	4.63e-28	118
M04724:234:000000000-CBVLB:1:1101:11668:1002/b1:GAGTGCT/r1:NAGTGCT/b2:GAGTGCT/r2:GAGTGCT/1	82A_82B	100.000	65	0	0	1	65	1	65	4.63e-28	118
M04724:234:000000000-CBVLB:1:1101:15793:1002/b1:GAGTGCT/r1:NAGTGCT/b2:GAGTGCT/r2:GAGTGCT/1	78A_78B	100.000	65	0	0	1	65	1	65	4.63e-28	118
M04724:234:000000000-CBVLB:1:1101:21704:1002/b1:GAGTGCT/r1:NAGTGCT/b2:GAGTGCT/r2:GAGTGCT/1	131A_131B	100.000	65	0	0	1	65	1	65	4.63e-28	118
M04724:234:000000000-CBVLB:1:1101:16936:1003/b1:GAGTGCT/r1:NAGTGCT/b2:GAGTGCT/r2:GAGTGCT/1	18A_18B	100.000	65	0	0	1	65	1	65	4.63e-28	118
M04724:234:000000000-CBVLB:1:1101:19886:1003/b1:GAGTGCT/r1:NAGTGCT/b2:GAGTGCT/r2:GAGTGCT/1	62A_62B	100.000	65	0	0	1	65	1	65	4.63e-28	118
M04724:234:000000000-CBVLB:1:1101:11308:1003/b1:GAGTGCT/r1:NAGTGCT/b2:GAGTGCT/r2:GAGTGCT/1	83A_83B	100.000	65	0	0	1	65	1	65	4.63e-28	118
M04724:234:000000000-CBVLB:1:1101:19204:1004/b1:GAGTGCT/r1:NAGTGCT/b2:GAGTGCT/r2:GAGTGCT/1	81A_81B	100.000	65	0	0	1	65	1	65	4.63e-28	118
M04724:234:000000000-CBVLB:1:1101:20378:1004/b1:GAGTGCT/r1:NAGTGCT/b2:GAGTGCT/r2:GAGTGCT/1	48A_48B	100.000	65	0	0	1	65	1	65	4.63e-28	118
M04724:234:000000000-CBVLB:1:1101:11884:1004/b1:GAGTGCT/r1:NAGTGCT/b2:GAGTGCT/r2:GAGTGCT/1	134A_134B	100.000	65	0	0	1	65	1	65	4.63e-28	118
M04724:234:000000000-CBVLB:1:1101:21594:1005/b1:GAGTGCT/r1:NAGTGCT/b2:GAGTGCT/r2:GAGTGCT/1	105A_105B	100.000	65	0	0	1	65	1	65	4.63e-28	118
M04724:234:000000000-CBVLB:1:1101:10422:1005/b1:GAGTGCT/r1:NAGTGCT/b2:GAGTGCT/r2:GAGTGCT/1	59A_59B	100.000	65	0	0	1	65	1	65	4.63e-28	118
M04724:234:000000000-CBVLB:1:1101:9377:1006/b1:GAGTGCT/r1:NAGTGCT/b2:GAGTGCT/r2:GAGTGCT/1	40A_40B	100.000	65	0	0	1	65	1	65	4.63e-28	118
M04724:234:000000000-CBVLB:1:1101:13565:1006/b1:GAGTGCT/r1:NAGTGCT/b2:GAGTGCT/r2:GAGTGCT/1	143A_143B	100.000	65	0	0	1	65	1	65	4.63e-28	118
M04724:234:000000000-CBVLB:1:1101:16724:1006/b1:GAGTGCT/r1:NAGTGCT/b2:GAGTGCT/r2:GAGTGCT/1	22A_22B	100.000	65	0	0	1	65	1	65	4.63e-28	118
M04724:234:000000000-CBVLB:1:1101:10649:1006/b1:GAGTGCT/r1:NAGTGCT/b2:GAGTGCT/r2:GAGTGCT/1	6A_6B	100.000	65	0	0	1	65	1	65	4.63e-28	118
M04724:234:000000000-CBVLB:1:1101:12169:1006/b1:GAGTGCT/r1:NAGTGCT/b2:GAGTGCT/r2:GAGTGCT/1	56A_56B	100.000	65	0	0	1	65	1	65	4.63e-28	118
M04724:234:000000000-CBVLB:1:1101:11953:1006/b1:GAGTGCT/r1:NAGTGCT/b2:GAGTGCT/r2:GAGTGCT/1	103A_103B	89.474	57	6	0	1	57	1	57	1.42e-15	77.0
M04724:234:000000000-CBVLB:1:1101:21995:1007/b1:GAGTGCT/r1:NAGTGCT/b2:GAGTGCT/r2:GAGTGCT/1	53A_53B	100.000	65	0	0	1	65	1	65	4.63e-28	118
M04724:234:000000000-CBVLB:1:1101:16838:1007/b1:GAGTGCT/r1:NAGTGCT/b2:GAGTGCT/r2:GAGTGCT/1	30A_30B	100.000	65	0	0	1	65	1	65	4.63e-28	118
M04724:234:000000000-CBVLB:1:1101:21840:1008/b1:GAGTGCT/r1:NAGTGCT/b2:GAGTGCT/r2:GAGTGCT/1	134A_134B	100.000	65	0	0	1	65	1	65	4.63e-28	118
M04724:234:000000000-CBVLB:1:1101:12823:1009/b1:GAGTGCT/r1:NAGTGCT/b2:GAGTGCT/r2:GAGTGCT/1	36A_36B	100.000	65	0	0	1	65	1	65	4.63e-28	118
M04724:234:000000000-CBVLB:1:1101:8998:1009/b1:GAGTGCT/r1:NAGTGCT/b2:GAGTGCT/r2:GAGTGCT/1	56A_56B	100.000	65	0	0	1	65	1	65	4.63e-28	118
M04724:234:000000000-CBVLB:1:1101:19500:1010/b1:GAGTGCT/r1:NAGTGCT/b2:GAGTGCT/r2:GAGTGCT/1	135A_135B	100.000	65	0	0	1	65	1	65	4.63e-28	118
M04724:234:000000000-CBVLB:1:1101:20754:1010/b1:GAGTGCT/r1:NAGTGCT/b2:GAGTGCT/r2:GAGTGCT/1	132A_132B	100.000	65	0	0	1	65	1	65	4.63e-28	118
M04724:234:000000000-CBVLB:1:1101:9458:1010/b1:GAGTGCT/r1:NGGTGCT/b2:GAGTGCT/r2:GAGTGCT/1	45A_45B	100.000	65	0	0	1	65	1	65	4.63e-28	118
M04724:234:000000000-CBVLB:1:1101:16083:1010/b1:GAGTGCT/r1:NAGTGCT/b2:GAGTGCT/r2:GAGTGCT/1	17A_17B	98.462	65	1	0	1	65	1	65	1.97e-26	113
M04724:234:000000000-CBVLB:1:1101:11436:1011/b1:GAGTGCT/r1:NAGTGCT/b2:GAGTGCT/r2:GAGTGCT/1	98A_98B	100.000	65	0	0	1	65	1	65	4.63e-28	118
M04724:234:000000000-CBVLB:1:1101:16629:1012/b1:GAGTGCT/r1:NAGTGCT/b2:GAGTGCT/r2:GAGTGCT/1	24A_24B	100.000	65	0	0	1	65	1	65	4.63e-28	118
M04724:234:000000000-CBVLB:1:1101:18466:1013/b1:GAGTGCT/r1:NAGTGCT/b2:GAGTGCT/r2:GAGTGCT/1	112A_112B	100.000	65	0	0	1	65	1	65	4.63e-28	118
M04724:234:000000000-CBVLB:1:1101:22601:1013/b1:GAGTGCT/r1:NAGTGCT/b2:GAGTGCT/r2:GAGTGCT/1	56A_56B	100.000	65	0	0	1	65	1	65	4.63e-28	118
M04724:234:000000000-CBVLB:1:1101:19991:1013/b1:GAGTGCT/r1:NAGTGCT/b2:GAGTGCT/r2:GAGTGCT/1	113A_113B	100.000	65	0	0	1	65	1	65	4.63e-28	118
M04724:234:000000000-CBVLB:1:1101:22433:1013/b1:GAGTGCT/r1:NAGTGCT/b2:GAGTGCT/r2:GAGTGCT/1	84A_84B	100.000	65	0	0	1	65	1	65	4.63e-28	118
M04724:234:000000000-CBVLB:1:1101:10550:1014/b1:GAGTGCT/r1:NAGTGCT/b2:GAGTGCT/r2:GAGTGCT/1	120A_120B	98.462	65	1	0	1	65	1	65	1.97e-26	113
M04724:234:000000000-CBVLB:1:1101:12315:1015/b1:GAGTGCT/r1:NAGTGCT/b2:GAGTGCT/r2:GAGTGCT/1	74A_74B	100.000	65	0	0	1	65	1	65	4.63e-28	118
M04724:234:000000000-CBVLB:1:1101:14689:1015/b1:GAGTGCT/r1:NAGTGCT/b2:GAGTGCT/r2:GAGTGCT/1	27A_27B	98.413	63	1	0	1	63	1	63	4.11e-25	109
M04724:234:000000000-CBVLB:1:1101:19534:1015/b1:GAGTGCT/r1:NAGTGCT/b2:GAGTGCT/r2:GAGTGCT/1	68A_68B	100.000	65	0	0	1	65	1	65	4.63e-28	118
M04724:234:000000000-CBVLB:1:1101:15495:1016/b1:GAGTGCT/r1:NAGTGCT/b2:GAGTGCT/r2:GAGTGCT/1	73A_73B	100.000	65	0	0	1	65	1	65	4.63e-28	118
M04724:234:000000000-CBVLB:1:1101:17228:1016/b1:GAGTGCT/r1:NAGTGCT/b2:GAGTGCT/r2:GAGTGCT/1	75A_156A	100.000	65	0	0	1	65	1	65	7.92e-28	118
M04724:234:000000000-CBVLB:1:1101:14205:1016/b1:GAGTGCT/r1:NAGTGCT/b2:GAGTGCT/r2:GAGTGCT/1	1A_1B	100.000	65	0	0	1	65	1	65	4.63e-28	118
M04724:234:000000000-CBVLB:1:1101:9286:1017/b1:GAGTGCT/r1:NAGTGCT/b2:GAGTGCT/r2:GAGTGCT/1	48A_48B	100.000	65	0	0	1	65	1	65	4.63e-28	118
M04724:234:000000000-CBVLB:1:1101:10589:1018/b1:GAGTGCT/r1:NAGTGCT/b2:GAGTGCT/r2:GAGTGCT/1	69A_69B	100.000	65	0	0	1	65	1	65	4.63e-28	118
M04724:234:000000000-CBVLB:1:1101:15944:1018/b1:GAGTGCT/r1:NAGTGCT/b2:GAGTGCT/r2:GAGTGCT/1	166A_166B	100.000	65	0	0	1	65	1	65	4.63e-28	118
M04724:234:000000000-CBVLB:1:1101:10820:1018/b1:GAGTGCT/r1:NAGTGCT/b2:GAGTGCT/r2:GAGTGCT/1	47A_47B	100.000	65	0	0	1	65	1	65	4.63e-28	118
M04724:234:000000000-CBVLB:1:1101:20944:1018/b1:GAGTGCT/r1:NAGTGCT/b2:GAGTGCT/r2:GAGTGCT/1	45A_45B	100.000	65	0	0	1	65	1	65	4.63e-28	118
M04724:234:000000000-CBVLB:1:1101:22271:1018/b1:GAGTGCT/r1:NAGTGCT/b2:GAGTGCT/r2:GAGTGCT/1	15A_15B	100.000	64	0	0	1	64	1	64	1.62e-27	116
M04724:234:000000000-CBVLB:1:1101:19293:1020/b1:GAGTGCT/r1:NAGTGCT/b2:GAGTGCT/r2:GAGTGCT/1	119A_119B	98.462	65	0	1	1	64	1	65	2.35e-25	109
M04724:234:000000000-CBVLB:1:1101:11574:1021/b1:GAGTGCT/r1:NAGTGCT/b2:GAGTGCT/r2:GAGTGCT/1	24A_24B	100.000	65	0	0	1	65	1	65	4.63e-28	118
M04724:234:000000000-CBVLB:1:1101:16337:1021/b1:GAGTGCT/r1:NAGTGCT/b2:GAGTGCT/r2:GAGTGCT/1	126A_126B	100.000	65	0	0	1	65	1	65	4.63e-28	118
M04724:234:000000000-CBVLB:1:1101:12935:1023/b1:GAGTGCT/r1:NAGTGCT/b2:GAGTGCT/r2:GAGTGCT/1	17A_17B	98.462	65	1	0	1	65	1	65	1.97e-26	113
M04724:234:000000000-CBVLB:1:1101:15037:1023/b1:GAGTGCT/r1:NAGTGCT/b2:GAGTGCT/r2:GAGTGCT/1	115A_115B	100.000	65	0	0	1	65	1	65	4.63e-28	118
M04724:234:000000000-CBVLB:1:1101:13842:1024/b1:GAGTGCT/r1:NAGTGCT/b2:GAGTGCT/r2:GAGTGCT/1	41A_41B	100.000	65	0	0	1	65	1	65	4.63e-28	118
M04724:234:000000000-CBVLB:1:1101:15231:1025/b1:GAGTGCT/r1:NAGTGCT/b2:GAGTGCT/r2:GAGTGCT/1	59A_59B	100.000	65	0	0	1	65	1	65	4.63e-28	118
M04724:234:000000000-CBVLB:1:1101:13643:1026/b1:GAGTGCT/r1:NAGTGCT/b2:GAGTGCT/r2:GAGTGCT/1	108A_108B	98.462	65	1	0	1	65	1	65	1.97e-26	113
M04724:234:000000000-CBVLB:1:1101:12349:1026/b1:GAGTGCT/r1:NAGTGCT/b2:GAGTGCT/r2:GAGTGCT/1	93A_93B	100.000	65	0	0	1	65	1	65	4.63e-28	118
M04724:234:000000000-CBVLB:1:1101:19421:1027/b1:GAGTGCT/r1:NAGTGCT/b2:GAGTGCT/r2:GAGTGCT/1	112A_112B	100.000	65	0	0	1	65	1	65	4.63e-28	118
M04724:234:000000000-CBVLB:1:1101:10514:1027/b1:GAGTGCT/r1:NAGTGCT/b2:GAGTGCT/r2:GAGTGCT/1	45A_45B	100.000	65	0	0	1	65	1	65	4.63e-28	118
M04724:234:000000000-CBVLB:1:1101:18303:1028/b1:GAGTGCT/r1:NAGTGCT/b2:GAGTGCT/r2:GAGTGCT/1	156A_156B	100.000	65	0	0	1	65	1	65	4.63e-28	118
M04724:234:000000000-CBVLB:1:1101:8961:1028/b1:GAGTGCT/r1:NAGTGCT/b2:GAGTGCT/r2:GAGTGCT/1	74A_74B	92.308	65	5	0	1	65	1	65	5.29e-21	95.1
M04724:234:000000000-CBVLB:1:1101:13357:1029/b1:GAGTGCT/r1:NAGTGCT/b2:GAGTGCT/r2:GAGTGCT/1	111A_111B	100.000	65	0	0	1	65	1	65	4.63e-28	118
M04724:234:000000000-CBVLB:1:1101:12243:1029/b1:GAGTGCT/r1:NAGTGCT/b2:GAGTGCT/r2:GAGTGCT/1	10A_10B	100.000	65	0	0	1	65	1	65	4.63e-28	118
M04724:234:000000000-CBVLB:1:1101:12871:1031/b1:GAGTGCT/r1:NAGTGCT/b2:GAGTGCT/r2:GAGTGCT/1	133A_133B	96.923	65	2	0	1	65	1	65	2.40e-25	109
M04724:234:000000000-CBVLB:1:1101:18739:1031/b1:GAGTGCT/r1:NAGTGCT/b2:GAGTGCT/r2:GAGTGCT/1	13A_13B	98.462	65	1	0	1	65	1	65	1.97e-26	113
M04724:234:000000000-CBVLB:1:1101:18866:1032/b1:GAGTGCT/r1:NAGTGCT/b2:GAGTGCT/r2:GAGTGCT/1	136A_136B	98.462	65	1	0	1	65	1	65	1.97e-26	113
M04724:234:000000000-CBVLB:1:1101:15096:1032/b1:GAGTGCT/r1:NAGTGCT/b2:GAGTGCT/r2:GAGTGCT/1	148A_148B	100.000	65	0	0	1	65	1	65	4.63e-28	118
M04724:234:000000000-CBVLB:1:1101:9078:1033/b1:GAGTGCT/r1:NAGTGCT/b2:GAGTGCT/r2:GAGTGCT/1	21A_21B	100.000	65	0	0	1	65	1	65	4.63e-28	118
M04724:234:000000000-CBVLB:1:1101:14718:1035/b1:GAGTGCT/r1:NAGTGCT/b2:GAGTGCT/r2:GAGTGCT/1	41A_41B	100.000	65	0	0	1	65	1	65	4.63e-28	118
M04724:234:000000000-CBVLB:1:1101:13156:1035/b1:GAGTGCT/r1:NAGTGCT/b2:GAGTGCT/r2:GAGTGCT/1	98A_98B	100.000	65	0	0	1	65	1	65	4.63e-28	118
M04724:234:000000000-CBVLB:1:1101:16875:1036/b1:GAGTGCT/r1:NAGTGCT/b2:GAGTGCT/r2:GAGTGCT/1	154A_154B	100.000	65	0	0	1	65	1	65	4.63e-28	118
M04724:234:000000000-CBVLB:1:1101:22401:1036/b1:GAGTGCT/r1:GAGTGCT/b2:GAGTGCT/r2:GAGTGCT/1	108A_108B	100.000	65	0	0	1	65	1	65	4.63e-28	118
M04724:234:000000000-CBVLB:1:1101:9799:1037/b1:GAGTGCT/r1:NAGTGCT/b2:GAGTGCT/r2:GAGTGCT/1	110A_110B	100.000	65	0	0	1	65	1	65	4.63e-28	118
M04724:234:000000000-CBVLB:1:1101:19086:1039/b1:GAGTGCT/r1:GAGTGCT/b2:GAGTGCT/r2:GAGTGCT/1	66A_66B	100.000	65	0	0	1	65	1	65	4.63e-28	118
M04724:234:000000000-CBVLB:1:1101:15829:1039/b1:GAGTGCT/r1:NAGTGCT/b2:GAGTGCT/r2:GAGTGCT/1	132A_132B	100.000	65	0	0	1	65	1	65	4.63e-28	118
M04724:234:000000000-CBVLB:1:1101:15409:1039/b1:GAGTGCT/r1:NAGTGCT/b2:GAGTGCT/r2:GAGTGCT/1	115A_115B	100.000	65	0	0	1	65	1	65	4.63e-28	118
M04724:234:000000000-CBVLB:1:1101:21363:1039/b1:GAGTGCT/r1:GAGTGCT/b2:GAGTGCT/r2:GAGTGCT/1	83A_83B	100.000	65	0	0	1	65	1	65	4.63e-28	118
M04724:234:000000000-CBVLB:1:1101:11314:1040/b1:GAGTGCT/r1:NAGTGCT/b2:GAGTGCT/r2:GAGTGCT/1	116A_116B	100.000	65	0	0	1	65	1	65	4.63e-28	118
M04724:234:000000000-CBVLB:1:1101:13245:1041/b1:GAGTGCT/r1:NAGTGCT/b2:GAGTGCT/r2:GAGTGCT/1	123A_123B	98.485	66	0	1	1	66	1	65	7.03e-26	111
M04724:234:000000000-CBVLB:1:1101:11368:1041/b1:GAGTGCT/r1:NAGTGCT/b2:GAGTGCT/r2:GAGTGCT/1	116A_116B	100.000	65	0	0	1	65	1	65	4.63e-28	118
M04724:234:000000000-CBVLB:1:1101:18823:1042/b1:GAGTGCT/r1:GAGTGCT/b2:GAGTGCT/r2:GAGTGCT/1	35A_35B	100.000	65	0	0	1	65	1	65	4.63e-28	118
M04724:234:000000000-CBVLB:1:1101:14267:1042/b1:GAGTGCT/r1:NAGTGCT/b2:GAGTGCT/r2:GAGTGCT/1	161A_161B	100.000	65	0	0	1	65	1	65	4.63e-28	118
M04724:234:000000000-CBVLB:1:1101:21611:1043/b1:GAGTGCT/r1:GAGTGCT/b2:GAGTGCT/r2:GAGTGCT/1	49A_49B	100.000	65	0	0	1	65	1	65	4.63e-28	118
M04724:234:000000000-CBVLB:1:1101:14358:1045/b1:GAGTGCT/r1:NAGTGCT/b2:GAGTGCT/r2:GAGTGCT/1	68A_68B	100.000	65	0	0	1	65	1	65	7.92e-28	118
M04724:234:000000000-CBVLB:1:1101:10624:1045/b1:GAGTGCT/r1:NAGTGCT/b2:GAGTGCT/r2:GAGTGCT/1	151A_151B	89.231	65	7	0	1	65	1	65	2.74e-18	86.0
M04724:234:000000000-CBVLB:1:1101:21898:1045/b1:GAGTGCT/r1:GAGTGCT/b2:GAGTGCT/r2:GAGTGCT/1	16A_16B	100.000	65	0	0	1	65	1	65	4.63e-28	118
M04724:234:000000000-CBVLB:1:1101:19325:1045/b1:GAGTGCT/r1:GAGTGCT/b2:GAGTGCT/r2:GAGTGCT/1	82A_82B	100.000	65	0	0	1	65	1	65	4.63e-28	118
M04724:234:000000000-CBVLB:1:1101:17718:1046/b1:GAGTGCT/r1:GAGTGCT/b2:GAGTGCT/r2:GAGTGCT/1	141A_141B	92.308	65	5	0	1	65	1	65	5.29e-21	95.1
M04724:234:000000000-CBVLB:1:1101:19161:1046/b1:GAGTGCT/r1:GAGTGCT/b2:GAGTGCT/r2:GAGTGCT/1	7A_7B	100.000	65	0	0	1	65	1	65	4.63e-28	118
